0 16 0 16
0 0 16 16
16 32 16 32
0 0 16 16
32 48 32 48
0 0 16 16
48 64 48 64
0 0 16 16
64 80 64 79
0 0 16 16
80 96 79 97
0 0 16 17
96 112 97 114
0 0 17 19
112 128 114 130
0 0 19 18
128 144 130 146
0 0 18 19
144 160 146 160
0 0 19 18
160 176 160 176
0 0 18 17
176 192 176 192
0 0 17 16
192 208 192 208
0 0 16 16
208 224 208 224
0 0 16 16
224 240 224 240
0 0 16 16
240 255 240 255
0 0 16 16
0 16 0 16
16 16 32 32
16 32 16 33
16 16 32 32
32 48 33 48
16 16 32 32
48 64 48 67
16 16 32 31
64 79 67 85
16 16 31 35
79 97 85 103
16 17 35 37
97 114 103 121
17 19 37 40
114 130 121 136
19 18 40 42
130 146 136 150
18 19 42 43
146 160 150 162
19 18 43 41
160 176 162 177
18 17 41 37
176 192 177 192
17 16 37 35
192 208 192 208
16 16 35 32
208 224 208 224
16 16 32 32
224 240 224 240
16 16 32 31
240 255 240 255
16 16 31 32
0 16 0 16
32 32 48 48
16 33 16 32
32 32 48 48
33 48 32 51
32 32 48 49
48 67 51 72
32 31 49 49
67 85 72 94
31 35 49 53
85 103 94 112
35 37 53 56
103 121 112 128
37 40 56 60
121 136 128 141
40 42 60 63
136 150 141 154
42 43 63 65
150 162 154 166
43 41 65 65
162 177 166 178
41 37 65 62
177 192 178 192
37 35 62 57
192 208 192 206
35 32 57 52
208 224 206 224
32 32 52 48
224 240 224 240
32 31 48 48
240 255 240 255
31 32 48 48
0 16 0 16
48 48 64 64
16 32 16 34
48 48 64 64
32 51 34 56
48 49 64 63
51 72 56 80
49 49 63 66
72 94 80 99
49 53 66 68
94 112 99 116
53 56 68 72
112 128 116 132
56 60 72 76
128 141 132 144
60 63 76 80
141 154 144 156
63 65 80 84
154 166 156 167
65 65 84 85
166 178 167 177
65 62 85 83
178 192 177 190
62 57 83 80
192 206 190 204
57 52 80 74
206 224 204 222
52 48 74 66
224 240 222 240
48 48 66 64
240 255 240 255
48 48 64 64
0 16 0 16
64 64 80 80
16 34 16 37
64 64 80 78
34 56 37 63
64 63 78 78
56 80 63 84
63 66 78 78
80 99 84 103
66 68 78 81
99 116 103 119
68 72 81 85
116 132 119 132
72 76 85 89
132 144 132 144
76 80 89 94
144 156 144 154
80 84 94 100
156 167 154 165
84 85 100 103
167 177 165 176
85 83 103 102
177 190 176 188
83 80 102 100
190 204 188 203
80 74 100 94
204 222 203 221
74 66 94 85
222 240 221 240
66 64 85 80
240 255 240 255
64 64 80 80
0 16 0 16
80 80 96 96
16 37 16 41
80 78 96 93
37 63 41 65
78 78 93 91
63 84 65 86
78 78 91 90
84 103 86 102
78 81 90 90
103 119 102 118
81 85 90 96
119 132 118 130
85 89 96 102
132 144 130 141
89 94 102 108
144 154 141 152
94 100 108 116
154 165 152 161
100 103 116 117
165 176 161 172
103 102 117 119
176 188 172 184
102 100 119 116
188 203 184 200
100 94 116 112
203 221 200 217
94 85 112 105
221 240 217 237
85 80 105 97
240 255 237 255
80 80 97 96
0 16 0 18
96 96 112 110
16 41 18 42
96 93 110 106
41 65 42 65
93 91 106 103
65 86 65 84
91 90 103 101
86 102 84 100
90 90 101 102
102 118 100 114
90 96 102 105
118 130 114 127
96 102 105 112
130 141 127 136
102 108 112 119
141 152 136 145
108 116 119 126
152 161 145 154
116 117 126 130
161 172 154 167
117 119 130 132
172 184 167 180
119 116 132 132
184 200 180 196
116 112 132 128
200 217 196 215
112 105 128 122
217 237 215 237
105 97 122 115
237 255 237 255
97 96 115 112
0 18 0 19
112 110 128 126
18 42 19 41
110 106 126 120
42 65 41 64
106 103 120 113
65 84 64 81
103 101 113 112
84 100 81 96
101 102 112 112
100 114 96 109
102 105 112 115
114 127 109 121
105 112 115 120
127 136 121 129
112 119 120 128
136 145 129 137
119 126 128 135
145 154 137 148
126 130 135 141
154 167 148 161
130 132 141 143
167 180 161 174
132 132 143 144
180 196 174 193
132 128 144 142
196 215 193 213
128 122 142 137
215 237 213 236
122 115 137 131
237 255 236 255
115 112 131 128
0 19 0 18
128 126 144 141
19 41 18 40
126 120 141 135
41 64 40 60
120 113 135 129
64 81 60 76
113 112 129 125
81 96 76 90
112 112 125 124
96 109 90 101
112 115 124 125
109 121 101 113
115 120 125 129
121 129 113 121
120 128 129 136
129 137 121 131
128 135 136 144
137 148 131 142
135 141 144 150
148 161 142 156
141 143 150 154
161 174 156 172
143 144 154 154
174 193 172 190
144 142 154 154
193 213 190 212
142 137 154 149
213 236 212 236
137 131 149 145
236 255 236 255
131 128 145 144
0 18 0 17
144 141 160 160
18 40 17 38
141 135 160 151
40 60 38 57
135 129 151 144
60 76 57 72
129 125 144 140
76 90 72 85
125 124 140 138
90 101 85 96
124 125 138 138
101 113 96 106
125 129 138 141
113 121 106 115
129 136 141 148
121 131 115 126
136 144 148 153
131 142 126 138
144 150 153 161
142 156 138 153
150 154 161 165
156 172 153 169
154 154 165 167
172 190 169 190
154 154 167 167
190 212 190 214
154 149 167 163
212 236 214 238
149 145 163 161
236 255 238 255
145 144 161 160
0 17 0 16
160 160 176 177
17 38 16 34
160 151 177 170
38 57 34 53
151 144 170 162
57 72 53 66
144 140 162 156
72 85 66 81
140 138 156 153
85 96 81 92
138 138 153 153
96 106 92 102
138 141 153 156
106 115 102 112
141 148 156 158
115 126 112 124
148 153 158 165
126 138 124 137
153 161 165 171
138 153 137 153
161 165 171 174
153 169 153 171
165 167 174 178
169 190 171 192
167 167 178 178
190 214 192 217
167 163 178 177
214 238 217 240
163 161 177 176
238 255 240 255
161 160 176 176
0 16 0 17
176 177 192 192
16 34 17 33
177 170 192 191
34 53 33 51
170 162 191 182
53 66 51 66
162 156 182 175
66 81 66 78
156 153 175 170
81 92 78 90
153 153 170 169
92 102 90 101
153 156 169 172
102 112 101 113
156 158 172 176
112 124 113 124
158 165 176 181
124 137 124 139
165 171 181 184
137 153 139 155
171 174 184 188
153 171 155 174
174 178 188 189
171 192 174 198
178 178 189 193
192 217 198 221
178 177 193 192
217 240 221 240
177 176 192 192
240 255 240 255
176 176 192 192
0 17 0 16
192 192 208 208
17 33 16 31
192 191 208 208
33 51 31 49
191 182 208 204
51 66 49 64
182 175 204 197
66 78 64 80
175 170 197 193
78 90 80 89
170 169 193 190
90 101 89 101
169 172 190 190
101 113 101 113
172 176 190 191
113 124 113 128
176 181 191 195
124 139 128 144
181 184 195 198
139 155 144 161
184 188 198 203
155 174 161 182
188 189 203 205
174 198 182 204
189 193 205 206
198 221 204 224
193 192 206 208
221 240 224 240
192 192 208 208
240 255 240 255
192 192 208 208
0 16 0 16
208 208 224 224
16 31 16 32
208 208 224 224
31 49 32 48
208 204 224 223
49 64 48 63
204 197 223 221
64 80 63 80
197 193 221 217
80 89 80 92
193 190 217 213
89 101 92 106
190 190 213 212
101 113 106 119
190 191 212 212
113 128 119 133
191 195 212 215
128 144 133 150
195 198 215 217
144 161 150 168
198 203 217 220
161 182 168 189
203 205 220 222
182 204 189 208
205 206 222 224
204 224 208 223
206 208 224 224
224 240 223 241
208 208 224 224
240 255 241 255
208 208 224 224
0 16 0 16
224 224 240 240
16 32 16 32
224 224 240 240
32 48 32 48
224 223 240 240
48 63 48 64
223 221 240 240
63 80 64 80
221 217 240 239
80 92 80 95
217 213 239 238
92 106 95 110
213 212 238 237
106 119 110 125
212 212 237 236
119 133 125 142
212 215 236 237
133 150 142 158
215 217 237 238
150 168 158 175
217 220 238 239
168 189 175 192
220 222 239 240
189 208 192 208
222 224 240 240
208 223 208 224
224 224 240 240
223 241 224 240
224 224 240 240
241 255 240 255
224 224 240 240
0 16 0 16
240 240 255 255
16 32 16 32
240 240 255 255
32 48 32 48
240 240 255 255
48 64 48 64
240 240 255 255
64 80 64 80
240 239 255 255
80 95 80 96
239 238 255 255
95 110 96 112
238 237 255 255
110 125 112 128
237 236 255 255
125 142 128 144
236 237 255 255
142 158 144 160
237 238 255 255
158 175 160 176
238 239 255 255
175 192 176 192
239 240 255 255
192 208 192 208
240 240 255 255
208 224 208 224
240 240 255 255
224 240 224 240
240 240 255 255
240 255 240 255
240 240 255 255